0	10	change	11	2.99707031
0	9	investigate	9	2.99707031
0	19	wilco	8	3.69042969
0	19	proceed	7	3.69042969
0	8	repeat	5	2.99707031
0	7	roll	3	2.99707031
0	4	SOE	18	2.08105469
0	4	SPACON	17	2.08105469
0	3	SOM	13	1.38671875
0	1	all	1	1.38671875
1	2	stations	2
2	14	change	11	1.609375
2	13	investigate	9	1.609375
2	17	wilco	8	2.30273438
2	17	proceed	7	2.30273438
2	12	repeat	5	1.609375
2	11	roll	3	1.609375
3	5	on	14
4	15	SOM	13
5	6	LOOP	15
6	2	ONE	16
7	19	call	4
8	18	that	6	0.693359375
8	0.693359375
9	19	parameter	10
10	19	limits	12
11	17	call	4
12	16	that	6	0.693359375
12	0.693359375
13	17	parameter	10
14	17	limits	12
15	10	change	11	1.609375
15	9	investigate	9	1.609375
15	19	wilco	8	2.30273438
15	19	proceed	7	2.30273438
15	8	repeat	5	1.609375
15	7	roll	3	1.609375
16
17
18
19
