0	36	SOE	93	4.92871094
0	36	SPACON	92	4.92871094
0	31	change	65	5.54373789
0	30	investigate	24	4.91287851
0	29	wilco	23	6.23709726
0	29	proceed	22	6.23709726
0	28	repeat	20	5.54373789
0	27	roll	18	5.54373789
0	26	dear	91	3.83398438
0	26	dearest	90	3.83398438
0	25	please	17	3.79061317
0	25	kindly	16	3.79061317
0	22	could	12	3.79061317
0	17	very	89	1.75683594
0	18	anyway	7	4.01171875
0	18	still	6	4.01171875
0	14	never	3	4.01171875
0	13	my	88	1.46972656
0	19	well	15	2.625
0	19	so	14	2.625
0	8	could	12	2.625
0	7	by	10	2.625
0	19	anyhow	9	2.625
0	19	however	8	2.625
0	5	SOM	76	1.93261719
0	4	to	87	0.775390625
0	4	addressing	86	0.775390625
0	4	reaching	85	0.775390625
0	4	for	84	0.775390625
0	3	this	75	1.93261719
0	2	here	72	1.24023438
0	1	all	1	0.546875
1	23	stations	2
2	5	SOM	76	0.693359375
2	6	is	74	1.38671875
2	6	speaks	73	1.38671875
3	9	is	74
4	17	very	89	0.98046875
4	26	dearest	90	3.05957031
4	26	dear	91	3.05957031
4	36	SPACON	92	4.15332031
4	36	SOE	93	4.15332031
4	13	my	88	0.693359375
5	20	on	79	1.09863281
5	12	speaking	78	1.09863281
5	12	calling	77	1.09863281
6	5	SOM	76
7	11	the	4
8	19	you	13
9	5	SOM	76
10	38	the	4
11	19	way	11
12	20	on	79
13	36	SOE	93	3.45996094
13	36	SPACON	92	3.45996094
13	26	dear	91	2.36621094
13	26	dearest	90	2.36621094
13	17	very	89	0.287109375
14	16	the	4
15	42	the	4
16	18	less	5
17	36	SOE	93	2.76745725
17	36	SPACON	92	2.76745725
17	26	dear	91	1.67370725
17	26	dearest	90	1.67370725
17	17	very	89	0.693359375
18	22	could	12	1.38964844
18	25	kindly	16	1.38964844
18	25	please	17	1.38964844
18	27	roll	18	3.14257812
18	28	repeat	20	3.14257812
18	29	proceed	22	3.8359375
18	29	wilco	23	3.8359375
18	30	investigate	24	2.51171875
18	31	change	65	3.14257812
19	31	change	65	3.14257812
19	30	investigate	24	2.51171875
19	29	wilco	23	3.8359375
19	29	proceed	22	3.8359375
19	28	repeat	20	3.14257812
19	27	roll	18	3.14257812
19	25	please	17	1.38964844
19	25	kindly	16	1.38964844
19	22	could	12	1.38964844
20	21	LOOP	80
21	23	ONE	81
22	25	you	13
23	35	change	65	4.99862099
23	64	investigate	24	4.36776161
23	67	wilco	23	5.69198036
23	67	proceed	22	5.69198036
23	34	repeat	20	4.99862099
23	33	roll	18	4.99862099
23	54	please	17	3.24549603
23	54	kindly	16	3.24549603
23	24	could	12	3.24549603
23	43	anyway	7	3.46484375
23	43	still	6	3.46484375
23	15	never	3	3.46484375
23	44	well	15	2.07910156
23	44	so	14	2.07910156
23	32	could	12	2.07910156
23	10	by	10	2.07910156
23	44	anyhow	9	2.07910156
23	44	however	8	2.07910156
24	54	you	13
25	31	change	65	2.44616818
25	30	investigate	24	1.81530881
25	29	wilco	23	3.13952756
25	29	proceed	22	3.13952756
25	28	repeat	20	2.44616818
25	27	roll	18	2.44616818
25	25	please	17	1.79199219
25	25	kindly	16	1.79199219
25	22	could	12	1.79199219
26	36	SOE	93	1.38171506
26	36	SPACON	92	1.38171506
26	26	dear	91	1.38671875
26	26	dearest	90	1.38671875
27	29	call	19
28	62	anyway	7	4.15917969
28	62	still	6	4.15917969
28	57	never	3	4.15917969
28	63	thanks	71	2.77246094
28	52	thank	70	2.77246094
28	51	I	67	2.07910156
28	63	please	17	2.77246094
28	40	that	21	0.693359375
28	1.96323395
29	62	anyway	7	3.46582031
29	62	still	6	3.46582031
29	57	never	3	3.46582031
29	63	thanks	71	2.07910156
29	52	thank	70	2.07910156
29	51	I	67	1.38574219
29	63	please	17	2.07910156
29	1.26987457
30	37	parameter	25
31	29	limits	66
32	44	you	13
33	67	call	19
34	68	everyone	83	3.34897614
34	68	everybody	82	3.34897614
34	68	all	1	3.34897614
34	65	anyway	7	4.15820312
34	65	still	6	4.15820312
34	58	never	3	4.15820312
34	66	thanks	71	2.77246094
34	69	thank	70	2.77246094
34	53	I	67	2.07910156
34	66	please	17	2.77246094
34	41	that	21	0.693359375
34	3.3499527
35	67	limits	66
36	55	SOM	76	1.38574219
36	50	this	75	1.38574219
36	49	here	72	0.693359375
37	62	anyway	7	4.79003906
37	62	still	6	4.79003906
37	57	never	3	4.79003906
37	63	thanks	71	3.40332031
37	52	thank	70	3.40332031
37	51	I	67	2.70996094
37	63	please	17	3.40332031
37	45	Alpha	64	3.93457031
37	45	Juliet	63	3.93457031
37	45	Sierra	62	3.93457031
37	45	Bravo	61	3.93457031
37	45	Kilo	60	3.93457031
37	45	Tango	59	3.93457031
37	45	Charlie	58	3.93457031
37	45	Lima	57	3.93457031
37	45	Uniform	56	3.93457031
37	45	Delta	55	3.93457031
37	45	Mike	54	3.93457031
37	45	Victor	53	3.93457031
37	45	Echo	52	3.93457031
37	45	November	51	3.93457031
37	45	Whiskey	50	3.93457031
37	45	Foxtrot	49	3.93457031
37	45	Oscar	48	3.93457031
37	46	X	46	3.93457031
37	45	Golf	45	3.93457031
37	45	Papa	44	3.93457031
37	45	Yankee	43	3.93457031
37	45	Hotel	42	3.93457031
37	45	Quebec	41	3.93457031
37	45	Zulu	40	3.93457031
37	45	India	39	3.93457031
37	45	Romeo	38	3.93457031
37	45	one	37	3.93457031
37	45	five	36	3.93457031
37	45	nine	35	3.93457031
37	45	two	34	3.93457031
37	45	six	33	3.93457031
37	45	zero	32	3.93457031
37	45	three	31	3.93457031
37	45	seven	30	3.93457031
37	45	decimal	29	3.93457031
37	45	four	28	3.93457031
37	45	ate	27	3.93457031
37	45	thousand	26	3.93457031
37	2.59409332
38	44	way	11
39	68	everyone	83	3.97983551
39	68	everybody	82	3.97983551
39	68	all	1	3.97983551
39	65	anyway	7	4.7890625
39	65	still	6	4.7890625
39	58	never	3	4.7890625
39	66	thanks	71	3.40332031
39	69	thank	70	3.40332031
39	53	I	67	2.70996094
39	66	please	17	3.40332031
39	47	Alpha	64	3.93457031
39	47	Juliet	63	3.93457031
39	47	Sierra	62	3.93457031
39	47	Bravo	61	3.93457031
39	47	Kilo	60	3.93457031
39	47	Tango	59	3.93457031
39	47	Charlie	58	3.93457031
39	47	Lima	57	3.93457031
39	47	Uniform	56	3.93457031
39	47	Delta	55	3.93457031
39	47	Mike	54	3.93457031
39	47	Victor	53	3.93457031
39	47	Echo	52	3.93457031
39	47	November	51	3.93457031
39	47	Whiskey	50	3.93457031
39	47	Foxtrot	49	3.93457031
39	47	Oscar	48	3.93457031
39	48	X	46	3.93457031
39	47	Golf	45	3.93457031
39	47	Papa	44	3.93457031
39	47	Yankee	43	3.93457031
39	47	Hotel	42	3.93457031
39	47	Quebec	41	3.93457031
39	47	Zulu	40	3.93457031
39	47	India	39	3.93457031
39	47	Romeo	38	3.93457031
39	47	one	37	3.93457031
39	47	five	36	3.93457031
39	47	nine	35	3.93457031
39	47	two	34	3.93457031
39	47	six	33	3.93457031
39	47	zero	32	3.93457031
39	47	three	31	3.93457031
39	47	seven	30	3.93457031
39	47	decimal	29	3.93457031
39	47	four	28	3.93457031
39	47	ate	27	3.93457031
39	47	thousand	26	3.93457031
39	3.98081207
40	63	please	17	2.07910156
40	51	I	67	1.38574219
40	52	thank	70	2.07910156
40	63	thanks	71	2.07910156
40	57	never	3	3.46582031
40	62	still	6	3.46582031
40	62	anyway	7	3.46582031
40	1.26987457
41	66	please	17	2.07910156
41	53	I	67	1.38574219
41	69	thank	70	2.07910156
41	66	thanks	71	2.07910156
41	58	never	3	3.46484375
41	65	still	6	3.46484375
41	65	anyway	7	3.46484375
41	68	all	1	2.65561676
41	68	everybody	82	2.65561676
41	68	everyone	83	2.65561676
41	2.65659332
42	43	less	5
43	24	could	12	1.38964844
43	54	kindly	16	1.38964844
43	54	please	17	1.38964844
43	33	roll	18	3.14257812
43	34	repeat	20	3.14257812
43	67	proceed	22	3.8359375
43	67	wilco	23	3.8359375
43	64	investigate	24	2.51171875
43	35	change	65	3.14257812
44	35	change	65	3.14257812
44	64	investigate	24	2.51171875
44	67	wilco	23	3.8359375
44	67	proceed	22	3.8359375
44	34	repeat	20	3.14257812
44	33	roll	18	3.14257812
44	54	please	17	1.38964844
44	54	kindly	16	1.38964844
44	24	could	12	1.38964844
45	62	anyway	7	4.08679295
45	62	still	6	4.08679295
45	57	never	3	4.08679295
45	63	thanks	71	2.70007443
45	52	thank	70	2.70007443
45	51	I	67	2.00769162
45	63	please	17	2.70007443
45	45	Alpha	64	4.33105469
45	45	Juliet	63	4.33105469
45	45	Sierra	62	4.33105469
45	45	Bravo	61	4.33105469
45	45	Kilo	60	4.33105469
45	45	Tango	59	4.33105469
45	45	Charlie	58	4.33105469
45	45	Lima	57	4.33105469
45	45	Uniform	56	4.33105469
45	45	Delta	55	4.33105469
45	45	Mike	54	4.33105469
45	45	Victor	53	4.33105469
45	45	Echo	52	4.33105469
45	45	November	51	4.33105469
45	45	Whiskey	50	4.33105469
45	45	Foxtrot	49	4.33105469
45	45	Oscar	48	4.33105469
45	46	X	46	4.33105469
45	45	Golf	45	4.33105469
45	45	Papa	44	4.33105469
45	45	Yankee	43	4.33105469
45	45	Hotel	42	4.33105469
45	45	Quebec	41	4.33105469
45	45	Zulu	40	4.33105469
45	45	India	39	4.33105469
45	45	Romeo	38	4.33105469
45	45	one	37	4.33105469
45	45	five	36	4.33105469
45	45	nine	35	4.33105469
45	45	two	34	4.33105469
45	45	six	33	4.33105469
45	45	zero	32	4.33105469
45	45	three	31	4.33105469
45	45	seven	30	4.33105469
45	45	decimal	29	4.33105469
45	45	four	28	4.33105469
45	45	ate	27	4.33105469
45	45	thousand	26	4.33105469
45	1.8895812
46	45	ray	47
47	68	everyone	83	3.27586579
47	68	everybody	82	3.27586579
47	68	all	1	3.27586579
47	65	anyway	7	4.08679295
47	65	still	6	4.08679295
47	58	never	3	4.08679295
47	66	thanks	71	2.70007443
47	69	thank	70	2.70007443
47	53	I	67	2.00769162
47	66	please	17	2.70007443
47	47	Alpha	64	4.33105469
47	47	Juliet	63	4.33105469
47	47	Sierra	62	4.33105469
47	47	Bravo	61	4.33105469
47	47	Kilo	60	4.33105469
47	47	Tango	59	4.33105469
47	47	Charlie	58	4.33105469
47	47	Lima	57	4.33105469
47	47	Uniform	56	4.33105469
47	47	Delta	55	4.33105469
47	47	Mike	54	4.33105469
47	47	Victor	53	4.33105469
47	47	Echo	52	4.33105469
47	47	November	51	4.33105469
47	47	Whiskey	50	4.33105469
47	47	Foxtrot	49	4.33105469
47	47	Oscar	48	4.33105469
47	48	X	46	4.33105469
47	47	Golf	45	4.33105469
47	47	Papa	44	4.33105469
47	47	Yankee	43	4.33105469
47	47	Hotel	42	4.33105469
47	47	Quebec	41	4.33105469
47	47	Zulu	40	4.33105469
47	47	India	39	4.33105469
47	47	Romeo	38	4.33105469
47	47	one	37	4.33105469
47	47	five	36	4.33105469
47	47	nine	35	4.33105469
47	47	two	34	4.33105469
47	47	six	33	4.33105469
47	47	zero	32	4.33105469
47	47	three	31	4.33105469
47	47	seven	30	4.33105469
47	47	decimal	29	4.33105469
47	47	four	28	4.33105469
47	47	ate	27	4.33105469
47	47	thousand	26	4.33105469
47	3.2754674
48	47	ray	47
49	55	SOM	76	0.693359375
49	56	is	74	1.38671875
49	56	speaks	73	1.38671875
50	59	is	74
51	63	think	69	0.693359375
51	63	hope	68	0.693359375
52	63	you	13
53	66	think	69	0.693359375
53	66	hope	68	0.693359375
54	35	change	65	2.44616818
54	64	investigate	24	1.81530881
54	67	wilco	23	3.13952756
54	67	proceed	22	3.13952756
54	34	repeat	20	2.44616818
54	33	roll	18	2.44616818
54	54	please	17	1.79199219
54	54	kindly	16	1.79199219
54	24	could	12	1.79199219
55	19	however	8	3.17773438
55	19	anyhow	9	3.17773438
55	7	by	10	3.17773438
55	8	could	12	3.17773438
55	19	so	14	3.17773438
55	19	well	15	3.17773438
55	14	never	3	4.56347656
55	18	still	6	4.56347656
55	18	anyway	7	4.56347656
55	22	could	12	4.34412861
55	25	kindly	16	4.34412861
55	25	please	17	4.34412861
55	27	roll	18	6.0972538
55	28	repeat	20	6.0972538
55	29	proceed	22	6.79061317
55	29	wilco	23	6.79061317
55	30	investigate	24	5.46639442
55	31	change	65	6.0972538
55	61	speaking	78	1.09863281
55	61	calling	77	1.09863281
56	55	SOM	76
57	60	the	4
58	70	the	4
59	55	SOM	76
60	62	less	5
61	31	change	65	4.99862099
61	30	investigate	24	4.36776161
61	29	wilco	23	5.69198036
61	29	proceed	22	5.69198036
61	28	repeat	20	4.99862099
61	27	roll	18	4.99862099
61	25	please	17	3.24549603
61	25	kindly	16	3.24549603
61	22	could	12	3.24549603
61	18	anyway	7	3.46484375
61	18	still	6	3.46484375
61	14	never	3	3.46484375
61	19	well	15	2.07910156
61	19	so	14	2.07910156
61	8	could	12	2.07910156
61	7	by	10	2.07910156
61	19	anyhow	9	2.07910156
61	19	however	8	2.07910156
62
63
64	39	parameter	25
65	68	all	1	1.38671875
65	68	everybody	82	1.38671875
65	68	everyone	83	1.38671875
65	1.38671875
66	68	everyone	83	1.38671875
66	68	everybody	82	1.38671875
66	68	all	1	1.38671875
66	1.38671875
67	68	everyone	83	2.65561676
67	68	everybody	82	2.65561676
67	68	all	1	2.65561676
67	65	anyway	7	3.46484375
67	65	still	6	3.46484375
67	58	never	3	3.46484375
67	66	thanks	71	2.07910156
67	69	thank	70	2.07910156
67	53	I	67	1.38574219
67	66	please	17	2.07910156
67	2.65659332
68
69	66	you	13
70	65	less	5
