0	2	SOE	18	1.38769531
0	1	SOM	1	0.694335938
0	2	SPACON	17	1.38769531
1	4	on	2
2	3	SOM	1
3	15	change	14	1.38671875
3	14	investigate	11	1.38671875
3	13	hi	10	2.48535156
3	13	hello	9	2.48535156
3	12	good	7	2.48535156
3	11	repeat	5	1.38671875
4	5	LOOP	3
5	6	ONE	4
6	10	change	14	1.38671875
6	9	investigate	11	1.38671875
6	20	hi	10	2.48535156
6	20	hello	9	2.48535156
6	8	good	7	2.48535156
6	7	repeat	5	1.38671875
7	21	everyone	16	0.693359375
7	19	that	6	0.693359375
8	20	morning	8
9	16	parameter	12
10	20	limits	15
11	18	that	6	0.693359375
11	0.693359375
12	13	morning	8
13
14	17	parameter	12
15	13	limits	15
16	19	SPELLING	13
17	18	SPELLING	13
18
19	21	everyone	16
20	21	everyone	16
21
