0	4	SOM	5	2.07910156
0	3	to	20	0.45703125
0	3	adsressing	19	0.45703125
0	3	reaching	18	0.45703125
0	3	for	17	0.45703125
0	2	this	4	2.07910156
0	1	here	1	1.38671875
0	21	SPACON	16	0.452148438
1	4	SOM	5	0.693359375
1	5	is	3	1.38671875
1	5	speaks	2	1.38671875
2	6	is	3
3	15	very	22	0.981445312
3	19	dearest	23	3.06054688
3	19	dear	24	3.06054688
3	21	SOE	25	3.4609375
3	10	my	21	0.693359375
4	9	speaking	7	0.693359375
4	9	calling	6	0.693359375
5	4	SOM	5
6	4	SOM	5
7	11	SOM	5	0.693359375
7	12	is	3	1.38671875
7	12	speaks	2	1.38671875
8	13	is	3
9	14	on	8
10	21	SOE	25	2.76757812
10	19	dear	24	2.3671875
10	19	dearest	23	2.3671875
10	15	very	22	0.288085938
11	16	speaking	7	0.693359375
11	16	calling	6	0.693359375
12	11	SOM	5
13	11	SOM	5
14	17	loop	9
15	21	SOE	25	2.07409787
15	19	dear	24	1.67370725
15	19	dearest	23	1.67370725
15	15	very	22	0.693359375
16	36	please	40	5.56152344
16	35	change	81	4.58260536
16	34	please	40	3.765625
16	37	hi	14	5.68123817
16	37	hello	13	5.68123817
16	33	good	11	5.68123817
16	32	please	40	3.46972656
16	32	kindly	39	3.2464726
16	31	could	35	3.2464726
16	29	anyway	30	3.46582031
16	29	still	29	3.46582031
16	27	never	26	3.46582031
16	30	well	38	2.07910156
16	30	so	37	2.07910156
16	23	could	35	2.07910156
16	22	by	33	2.07910156
16	30	anyhow	32	2.07910156
16	30	however	31	2.07910156
17	18	one	10
18	24	hi	14	1.09863281
18	24	hello	13	1.09863281
18	20	good	11	1.09863281
19	21	SOE	25	0.688355625
19	19	dear	24	1.38671875
19	19	dearest	23	1.38671875
20	24	morning	12
21	11	SOM	5	1.38574219
21	8	this	4	1.38574219
21	7	here	1	0.693359375
22	25	the	27
23	30	you	36
24	26	everyone	15
25	30	way	34
26
27	28	the	27
28	29	less	28
29	31	could	35	1.38964844
29	32	kindly	39	1.38964844
29	32	please	40	1.38964844
29	33	good	11	3.82519531
29	37	hello	13	3.82519531
29	37	hi	14	3.82519531
29	36	please	40	2.09570312
29	35	change	81	2.7265625
30	35	change	81	2.7265625
30	36	please	40	2.09570312
30	37	hi	14	3.82519531
30	37	hello	13	3.82519531
30	33	good	11	3.82519531
30	32	please	40	1.38964844
30	32	kindly	39	1.38964844
30	31	could	35	1.38964844
31	32	you	36
32	35	change	81	2.03015256
32	36	please	40	1.39929318
32	37	hi	14	3.12878537
32	37	hello	13	3.12878537
32	33	good	11	3.12878537
32	32	please	40	1.79199219
32	32	kindly	39	1.79199219
32	31	could	35	1.79199219
33	37	morning	12
34	35	change	81	3.11999631
34	36	please	40	2.48913693
34	37	hi	14	4.21862888
34	37	hello	13	4.21862888
34	33	good	11	4.21862888
34	32	please	40	2.88183594
34	32	kindly	39	2.88183594
34	31	could	35	2.88183594
34	38	investigate	41	0.409179688
35	37	limits	82
36	38	investigate	41
37	46	anyway	30	3.46582031
37	46	still	29	3.46582031
37	44	never	26	3.46582031
37	47	thanks	87	2.07910156
37	41	thank	86	2.07910156
37	40	I	83	1.38574219
37	47	please	40	2.07910156
37	1.26987457
38	39	parameter	42
39	47	please	40	3.40332031
39	40	I	83	2.70996094
39	41	thank	86	3.40332031
39	47	thanks	87	3.40332031
39	44	never	26	4.79003906
39	46	still	29	4.79003906
39	46	anyway	30	4.79003906
39	42	Alpha	80	3.93457031
39	42	Juliet	79	3.93457031
39	42	Sierra	78	3.93457031
39	42	Bravo	77	3.93457031
39	42	Kilo	76	3.93457031
39	42	Tango	75	3.93457031
39	42	Charlie	74	3.93457031
39	42	Lima	73	3.93457031
39	42	Uniform	72	3.93457031
39	42	Delta	71	3.93457031
39	42	Mike	70	3.93457031
39	42	Victor	69	3.93457031
39	42	Echo	68	3.93457031
39	42	November	67	3.93457031
39	42	Whiskey	66	3.93457031
39	42	Foxtrot	65	3.93457031
39	42	Oscar	64	3.93457031
39	43	X	62	3.93457031
39	42	Golf	61	3.93457031
39	42	Papa	60	3.93457031
39	42	Yankee	59	3.93457031
39	42	Hotel	58	3.93457031
39	42	Quebec	57	3.93457031
39	42	Zulu	56	3.93457031
39	42	India	55	3.93457031
39	42	Romeo	54	3.93457031
39	42	five	53	3.93457031
39	42	nine	52	3.93457031
39	42	two	51	3.93457031
39	42	six	50	3.93457031
39	42	zero	49	3.93457031
39	42	three	48	3.93457031
39	42	seven	47	3.93457031
39	42	decimal	46	3.93457031
39	42	four	45	3.93457031
39	42	ate	44	3.93457031
39	42	thousand	43	3.93457031
39	42	one	10	3.93457031
39	2.59409332
40	47	think	85	0.693359375
40	47	hope	84	0.693359375
41	47	you	36
42	46	anyway	30	4.08679295
42	46	still	29	4.08679295
42	44	never	26	4.08679295
42	47	thanks	87	2.70007443
42	41	thank	86	2.70007443
42	40	I	83	2.00769162
42	47	please	40	2.70007443
42	42	Alpha	80	4.33105469
42	42	Juliet	79	4.33105469
42	42	Sierra	78	4.33105469
42	42	Bravo	77	4.33105469
42	42	Kilo	76	4.33105469
42	42	Tango	75	4.33105469
42	42	Charlie	74	4.33105469
42	42	Lima	73	4.33105469
42	42	Uniform	72	4.33105469
42	42	Delta	71	4.33105469
42	42	Mike	70	4.33105469
42	42	Victor	69	4.33105469
42	42	Echo	68	4.33105469
42	42	November	67	4.33105469
42	42	Whiskey	66	4.33105469
42	42	Foxtrot	65	4.33105469
42	42	Oscar	64	4.33105469
42	43	X	62	4.33105469
42	42	Golf	61	4.33105469
42	42	Papa	60	4.33105469
42	42	Yankee	59	4.33105469
42	42	Hotel	58	4.33105469
42	42	Quebec	57	4.33105469
42	42	Zulu	56	4.33105469
42	42	India	55	4.33105469
42	42	Romeo	54	4.33105469
42	42	five	53	4.33105469
42	42	nine	52	4.33105469
42	42	two	51	4.33105469
42	42	six	50	4.33105469
42	42	zero	49	4.33105469
42	42	three	48	4.33105469
42	42	seven	47	4.33105469
42	42	decimal	46	4.33105469
42	42	four	45	4.33105469
42	42	ate	44	4.33105469
42	42	thousand	43	4.33105469
42	42	one	10	4.33105469
42	1.8895812
43	42	ray	63
44	45	the	27
45	46	less	28
46
47
